file	sentence	entity(E) or predicate(P)	 coref chain	indices	
1	1	E	0	0
2	1	E	45	0
4	1	E	129	0
5	1	E	206	0
2	1	E	41	1
5	1	E	199	1
4	1	E	130	2, 3
1	1	E	6	3
2	1	E	46	3
3	1	E	83	4
5	1	E	236	4
2	1	E	44	5
4	1	E	134	5
2	1	E	48	6
3	1	E	86	6
4	1	E	135	6
5	1	E	208	8, 9
3	1	E	88	9, 10, 11
5	1	E	211	11
5	1	E	210	13, 14, 15
1	2	E	7	0, 1
2	2	E	50	0
3	2	E	83	0
4	2	E	134	0
5	2	E	212	0
4	2	E	136	1
1	2	E	1	2
2	2	E	41	2
4	2	E	130	2, 3
5	2	E	200	2
5	2	E	206	4
2	2	E	44	5
3	2	E	89	5
5	2	E	210	5, 6
3	2	E	87	6
1	2	E	6	7
2	2	E	51	7, 8, 9
4	2	E	137	7, 8, 9, 10
5	2	E	215	7
1	2	E	11	10
5	2	E	213	10
5	2	E	240	13
1	3	E	12	0
3	3	E	83	0
4	3	E	138	0, 1
5	3	E	201	0
1	3	E	7	1, 2
3	3	E	91	2
1	3	E	0	3, 4, 5
4	3	E	141	4, 5
3	3	E	94	6
5	3	E	208	7, 8, 9, 10, 11, 12
1	3	E	35	8
4	3	E	130	8
1	3	E	14	10
4	3	E	139	12
4	3	E	147	14
5	3	E	210	14, 15, 16
4	3	E	143	17
4	3	E	144	20
4	3	E	145	21
4	3	E	146	23
1	4	E	7	0, 1
2	4	E	54	0
4	4	E	138	0
5	4	E	201	0
2	4	E	62	1
4	4	E	140	1
1	4	E	1	2, 3
2	4	E	52	2
5	4	E	236	3
2	4	E	46	4
5	4	E	208	4, 5
4	4	E	148	5
1	4	E	6	6
3	4	E	94	6
5	4	E	238	6
2	4	E	48	7
2	4	E	45	8
3	4	E	83	8
4	4	E	150	9
3	4	E	95	10
3	4	E	91	11
4	4	E	130	11, 12
3	4	E	87	13
4	4	E	151	15, 16
3	4	E	96	16, 17
3	4	E	97	20
1	5	E	13	0
2	5	E	44	0
1	5	E	8	1, 2
2	5	E	45	1
3	5	E	86	1
2	5	E	41	2
1	5	E	0	3, 4, 5
5	5	E	214	3
3	5	E	92	4
4	5	E	152	4
2	5	E	54	5
3	5	E	98	5, 6, 7
4	5	E	136	5
2	5	E	53	6
2	5	E	52	7
4	5	E	148	7
5	5	E	212	7
1	5	E	33	8, 9
3	5	E	93	8
4	5	E	168	10
1	5	E	18	11
5	5	E	218	15
5	5	E	215	16
3	5	E	87	17
1	5	E	36	19
5	5	E	208	19, 20
3	5	E	99	20, 21
1	5	E	19	21
3	5	E	94	22
5	5	E	210	22, 23
5	6	E	210	0, 1
1	6	E	0	1
2	6	E	55	1
3	6	E	86	1
4	6	E	134	1
2	6	E	52	2
4	6	E	136	2
5	6	E	209	2
3	6	E	100	3, 4
5	6	E	215	3
4	6	E	148	4
1	6	E	6	5
2	6	E	45	5
2	6	E	41	6
4	6	E	168	7
5	6	E	212	7
2	6	E	44	8
5	6	E	217	10, 11
3	6	E	101	11
3	6	E	105	18
1	7	E	7	0, 1
2	7	E	45	0
5	7	E	210	0, 1, 2
4	7	E	136	1
1	7	E	0	2, 3, 4, 5
2	7	E	53	3
3	7	E	83	3
4	7	E	149	3
2	7	E	52	4
5	7	E	202	4
2	7	E	48	6
4	7	E	169	6
3	7	E	91	7
1	7	E	6	8
1	7	E	18	9
3	7	E	90	9
3	7	E	87	10
5	7	E	208	11, 12, 13
3	7	E	96	13
1	8	E	12	0
2	8	E	57	0, 1, 2
3	8	E	94	0
4	8	E	153	0
5	8	E	201	0
1	8	E	7	1, 2
4	8	E	136	1
3	8	E	83	2
1	8	E	1	3
3	8	E	95	4
4	8	E	154	4, 5
2	8	E	59	5
3	8	E	91	5
1	8	E	6	6
1	8	E	18	7
3	8	E	87	7
5	8	E	208	7, 8, 9
2	8	E	60	8
4	8	E	155	8
2	8	E	41	9
5	8	E	210	11, 12
2	8	E	44	13, 14
2	9	E	41	0
3	9	E	102	0
5	9	E	212	0
1	9	E	0	2, 3, 4
4	9	E	156	2, 3
5	9	E	219	2
2	9	E	44	3
5	9	E	203	3
2	9	E	51	5, 6, 7
3	9	E	103	5
4	9	E	130	5, 6
5	9	E	208	5, 6
1	9	E	12	6
1	9	E	7	7, 8
4	9	E	158	8, 9
1	9	E	1	9
4	9	E	159	10
4	9	E	157	12
1	9	E	6	13
4	9	E	131	16
4	9	E	160	17
4	9	E	138	19
4	9	E	161	20
1	10	E	0	0, 1
2	10	E	44	0
3	10	E	83	0
4	10	E	162	0, 1, 2
5	10	E	220	0
2	10	E	45	1
2	10	E	41	2
3	10	E	86	2, 3
5	10	E	212	2
2	10	E	62	4
5	10	E	221	4
2	10	E	52	5
1	10	E	6	6
4	10	E	152	7
5	10	E	238	7
3	10	E	90	8
4	10	E	136	8
3	10	E	100	9, 10
4	10	E	148	10
5	10	E	208	10, 11, 12, 13
4	10	E	168	13
1	11	E	12	0
2	11	E	44	0
3	11	E	83	0
1	11	E	7	1, 2
2	11	E	45	1
5	11	E	222	1
2	11	E	41	2
3	11	E	91	2, 3
5	11	E	204	2
1	11	E	0	3, 4, 5
2	11	E	54	4
4	11	E	163	4, 5
2	11	E	49	5
2	11	E	62	6
4	11	E	164	6, 7
2	11	E	52	7
1	11	E	18	8
2	11	E	63	9, 10
3	11	E	104	9
4	11	E	165	9, 10
3	11	E	86	10
5	11	E	208	11, 12, 13, 14, 15, 16
3	11	E	100	12, 13
2	11	E	45	13
4	11	E	134	13, 14, 15
2	11	E	41	14
3	11	E	87	14
2	11	E	44	17
2	11	E	64	19
4	11	E	166	19, 20
4	11	E	130	23, 24
3	12	E	83	0
4	12	E	140	0
5	12	E	224	1
3	12	E	91	2
5	12	E	205	2
4	12	E	152	3
2	12	E	44	4
4	12	E	167	4
2	12	E	45	5
3	12	E	87	5
1	12	E	7	6, 7
2	12	E	41	6
4	12	E	141	6
1	12	E	1	8
2	12	E	54	8
3	12	E	106	8
5	12	E	208	8, 9, 10
2	12	E	66	9
3	12	E	94	9
2	12	E	65	10
1	12	E	6	11
1	12	E	18	12
2	13	E	45	0
3	13	E	107	0, 1
5	13	E	212	0
2	13	E	41	1
4	13	E	152	1
4	13	E	167	2
5	13	E	225	2
2	13	E	68	3
3	13	E	94	3
1	13	E	7	4, 5
2	13	E	67	4
3	13	E	84	4
4	13	E	148	4
1	13	E	1	6
2	13	E	44	6
3	13	E	87	6
4	13	E	168	7
5	13	E	208	7, 8
3	13	E	90	10
5	13	E	210	10, 11
1	13	E	6	11
1	14	E	12	0
5	14	E	212	0
1	14	E	7	1, 2
2	14	E	45	1
2	14	E	41	2
5	14	E	201	2
1	14	E	0	3, 4, 5
3	14	E	83	4
5	14	E	210	4, 5
2	14	E	44	5
3	14	E	86	6
2	14	E	69	7
3	14	E	88	9, 10, 11
4	14	E	138	9
5	14	E	226	9, 10
2	14	E	58	10
1	14	E	6	11
2	14	E	80	11, 12, 13
4	14	E	152	11
5	14	E	215	11
4	14	E	167	12
5	14	E	236	14
2	14	E	42	15
4	14	E	170	15, 16
2	14	E	61	18
2	14	E	43	19
5	14	E	216	20
5	14	E	208	23, 24
1	15	E	7	0, 1
2	15	E	70	0
3	15	E	83	0
4	15	E	171	0
5	15	E	201	0
1	15	E	15	2
2	15	E	44	2
3	15	E	91	2
4	15	E	152	3
5	15	E	237	3
4	15	E	167	4
1	15	E	17	5
3	15	E	94	6
4	15	E	141	6, 7
2	15	E	45	7
5	15	E	208	7, 8, 9, 10
2	15	E	41	8
2	15	E	44	10
4	15	E	155	10
4	15	E	140	12
5	15	E	227	12, 13
4	15	E	142	14
4	15	E	172	17
4	15	E	132	23, 24
1	16	E	7	0, 1
2	16	E	45	0
3	16	E	83	0
5	16	E	201	0
2	16	E	41	1
4	16	E	130	1, 2
1	16	E	1	2, 3
3	16	E	91	2, 3, 4
2	16	E	44	3
5	16	E	208	3, 4
2	16	E	71	4
4	16	E	133	4
5	16	E	238	5
1	16	E	6	6
3	16	E	87	7
4	16	E	152	7
4	16	E	136	8
3	16	E	106	9
4	16	E	134	12
1	16	E	36	14
4	16	E	173	14, 15
1	16	E	18	16
4	16	E	159	17, 18
1	17	E	12	0
2	17	E	45	0
3	17	E	94	0
5	17	E	212	0
1	17	E	7	1, 2
2	17	E	41	1
3	17	E	108	1
4	17	E	141	1, 2
3	17	E	87	2
5	17	E	201	2
1	17	E	1	3
2	17	E	44	3
5	17	E	236	4
2	17	E	54	5
5	17	E	238	5
3	17	E	118	6
1	17	E	6	7
2	17	E	81	7, 8
4	17	E	174	8
1	17	E	17	10, 11, 12
2	17	E	48	10
5	17	E	208	10, 11, 12, 13
4	17	E	138	11
4	17	E	167	12
4	17	E	130	14, 15
5	17	E	228	15, 16
5	17	E	229	18, 19, 20
1	18	E	17	0
2	18	E	48	0
3	18	E	111	0, 1
4	18	E	175	0
5	18	E	201	0
1	18	E	7	3, 4
3	18	E	94	3
2	18	E	55	4
3	18	E	84	4
4	18	E	152	4
1	18	E	15	5
2	18	E	52	5
4	18	E	167	5
3	18	E	87	6
5	18	E	208	6, 7, 8, 9
2	18	E	44	8
2	18	E	45	9
2	18	E	41	10
3	18	E	90	10
1	19	E	15	0, 4
3	19	E	112	0
5	19	E	201	0
1	19	E	12	1
2	19	E	45	1
4	19	E	176	1
1	19	E	7	2, 3
2	19	E	41	2
5	19	E	208	3, 4
1	19	E	15	4
3	19	E	94	5
5	19	E	215	5
2	19	E	44	6
4	19	E	130	6, 7
1	19	E	2	7, 8
3	19	E	83	7
3	19	E	114	8
1	19	E	6	12
3	19	E	115	14
3	19	E	116	16
3	19	E	117	18
3	19	E	98	19
1	20	E	0	0
3	20	E	83	0
4	20	E	138	1
5	20	E	239	1, 2
3	20	E	86	2, 3
4	20	E	167	2
4	20	E	148	4
5	20	E	212	4
5	20	E	219	6
3	20	E	128	7
4	20	E	140	7
5	20	E	203	7
3	20	E	109	8
1	20	E	36	9
5	20	E	208	9, 10
4	20	E	177	10, 11
1	20	E	18	11
3	20	E	99	11
4	20	E	138	13
3	20	E	120	14, 15, 16
1	21	E	7	0, 1
2	21	E	82	0
3	21	E	107	0, 1
5	21	E	230	0
4	21	E	152	1
5	21	E	231	1, 2
1	21	E	1	2
4	21	E	136	2
3	21	E	94	3
2	21	E	44	4
3	21	E	85	4, 5
4	21	E	148	4
5	21	E	208	4, 5
1	21	E	6	5
5	21	E	215	6
4	21	E	168	7
2	21	E	46	8
3	21	E	90	9
5	21	E	232	9, 10, 11
3	21	E	87	10
2	21	E	77	11
3	21	E	96	13
2	22	E	44	0
3	22	E	86	0
4	22	E	169	0
1	22	E	7	1, 2
2	22	E	45	1
2	22	E	41	2
1	22	E	15	3
3	22	E	121	3
2	22	E	56	4
2	22	E	62	5
4	22	E	134	5
1	22	E	17	6
2	22	E	52	6
3	22	E	109	6
4	22	E	178	6
4	22	E	130	7, 8
5	22	E	208	7, 8, 9, 10, 11
3	22	E	94	9
3	22	E	83	11
3	22	E	95	13
3	22	E	91	14
3	22	E	87	16
1	23	E	7	0, 1
3	23	E	94	0
4	23	E	179	0
5	23	E	206	0
3	23	E	85	1, 2
4	23	E	180	1
1	23	E	1	3
5	23	E	211	3
4	23	E	181	4
5	23	E	224	4
5	23	E	215	5
2	23	E	60	6
3	23	E	90	6
4	23	E	130	6, 7
3	23	E	87	7
4	23	E	174	8
1	23	E	18	9
2	23	E	78	9
3	23	E	96	10
4	23	E	182	10, 11
5	23	E	209	10, 11, 12
1	23	E	6	11, 12
2	23	E	79	11, 12
4	23	E	146	14
5	23	E	207	14, 15
4	23	E	144	15
5	23	E	233	18
5	23	E	212	21
1	24	E	20	0
3	24	E	94	0
4	24	E	184	0
1	24	E	21	1, 2, 3, 4
3	24	E	83	1, 2, 3
4	24	E	185	2, 3
4	24	E	186	4
5	24	E	212	4
3	24	E	86	5, 6
1	24	E	14	6
4	24	E	173	6
5	24	E	201	6
4	24	E	187	7
1	24	E	5	9
3	24	E	90	9
3	24	E	87	10
4	24	E	130	10, 11
3	24	E	100	11, 12
5	24	E	208	11, 12, 13, 14
4	24	E	174	12
1	24	E	12	14
3	24	E	96	14
1	24	E	7	15, 16
1	24	E	1	17, 18, 19
1	24	E	22	21
1	25	E	7	0, 1
2	25	E	45	0
4	25	E	140	0
5	25	E	201	0
2	25	E	41	1
1	25	E	3	2
4	25	E	141	2, 3
2	25	E	79	3
5	25	E	236	3
3	25	E	94	4
5	25	E	208	4, 5
3	25	E	83	6
4	25	E	153	6
5	25	E	215	6
1	25	E	4	7
1	25	E	23	8
3	25	E	95	8
3	25	E	91	9
3	25	E	87	11
1	26	E	7	0, 1
2	26	E	44	0
3	26	E	94	0
5	26	E	212	0
2	26	E	45	1
3	26	E	84	1
4	26	E	152	1
1	26	E	1	2
2	26	E	41	2
4	26	E	167	2
5	26	E	201	2
4	26	E	148	4
2	26	E	58	5, 6, 7, 8
3	26	E	91	5
1	26	E	6	7
4	26	E	168	7
5	26	E	208	7, 8, 9, 10
2	26	E	72	11, 12
1	27	E	12	0
2	27	E	52	0
3	27	E	94	0
4	27	E	190	0
1	27	E	7	1, 2
3	27	E	83	1, 2, 3, 4
4	27	E	188	1
1	27	E	0	3, 4, 5
2	27	E	44	3
2	27	E	45	4
5	27	E	212	4
2	27	E	41	5
4	27	E	160	5
4	27	E	130	7, 8
1	27	E	18	8
3	27	E	89	8, 9
5	27	E	236	8
3	27	E	94	10, 11
4	27	E	189	11
3	27	E	107	13
4	27	E	138	13
5	27	E	208	14, 15
5	27	E	210	17, 18
1	28	E	7	0, 1
2	28	E	48	0
3	28	E	83	0
5	28	E	234	0
2	28	E	76	1
4	28	E	130	1, 2
5	28	E	235	2, 3
2	28	E	45	3
2	28	E	41	4
4	28	E	191	4, 5
3	28	E	89	5
5	28	E	201	5
3	28	E	87	6
2	28	E	66	8
5	28	E	208	8, 9
1	28	E	6	10
5	28	E	215	10
1	28	E	37	11
5	28	E	223	13, 14, 15
1	28	E	12	15
1	28	E	1	16
1	28	E	9	19
1	29	E	12	0
2	29	E	45	0
3	29	E	119	0, 1
4	29	E	130	0, 1
5	29	E	210	0, 1, 2
1	29	E	24	1
2	29	E	41	1
1	29	E	15	2
3	29	E	94	2
2	29	E	44	3
3	29	E	108	3
4	29	E	148	3
5	29	E	215	3
3	29	E	87	4
2	29	E	46	5
4	29	E	183	6, 7
5	29	E	212	6
1	29	E	0	8, 9
5	29	E	201	8
4	29	E	168	10
1	29	E	38	12, 13
4	29	E	192	15, 16, 17
1	29	E	18	17
1	30	E	7	0, 1
2	30	E	47	0
3	30	E	128	0
4	30	E	175	0
3	30	E	87	1
1	30	E	1	2
2	30	E	75	3
4	30	E	152	4
4	30	E	167	5
1	30	E	6	7
2	30	E	44	7
2	30	E	45	8
1	30	E	25	10, 11, 12
1	31	E	7	0, 1
2	31	E	41	0
3	31	E	94	0
4	31	E	130	0, 1
3	31	E	83	1, 2, 3
1	31	E	5	2
2	31	E	44	3
4	31	E	141	3, 4
1	31	E	6	5
2	31	E	51	6, 7, 8
3	31	E	91	7, 8, 9
4	31	E	146	7
1	31	E	26	9, 10, 11, 12
3	31	E	104	13
1	31	E	1	14, 15, 16, 17
3	31	E	108	14
3	31	E	87	15
1	31	E	40	20
1	31	E	39	22
1	32	E	7	0, 1
2	32	E	44	0
3	32	E	94	0
2	32	E	45	1
1	32	E	1	2
2	32	E	41	2
3	32	E	83	2
2	32	E	46	4
3	32	E	91	4
4	32	E	138	4
4	32	E	167	5
3	32	E	87	6
1	32	E	6	7
3	32	E	97	10
1	33	E	28	0
2	33	E	74	0
3	33	E	94	0
4	33	E	153	0
4	33	E	136	1
2	33	E	44	2
3	33	E	86	2, 3
1	33	E	12	3
2	33	E	45	3
1	33	E	7	4, 5
2	33	E	41	4
4	33	E	154	4, 5
3	33	E	100	5, 6
1	33	E	0	6, 7, 8
2	33	E	46	6
4	33	E	155	8
2	33	E	72	9
3	33	E	108	12
1	33	E	33	13, 14
3	33	E	96	15
1	33	E	18	17
1	33	E	9	21
1	34	E	7	0, 1
2	34	E	44	0
3	34	E	94	0
2	34	E	45	1
3	34	E	84	1
4	34	E	167	1
1	34	E	1	2
2	34	E	41	2
4	34	E	130	2, 3
3	34	E	87	3
2	34	E	46	4
4	34	E	148	5
1	34	E	6	7
2	34	E	72	7
3	34	E	90	7
4	34	E	177	8, 9
2	34	E	73	9, 10
2	35	E	44	0
4	35	E	140	0
2	35	E	45	1
2	35	E	41	2
4	35	E	193	2, 3
4	35	E	194	4
2	35	E	66	6
4	35	E	138	7
3	35	E	86	8
4	35	E	167	8
3	35	E	91	11, 12
3	35	E	87	14
1	36	E	0	0, 1
3	36	E	83	0
4	36	E	130	0, 1
2	36	E	44	2
3	36	E	86	2
4	36	E	196	4
1	36	E	7	5, 6
3	36	E	110	5
4	36	E	181	5
2	36	E	45	6
3	36	E	91	6
2	36	E	41	7
3	36	E	87	7
4	36	E	140	8
2	36	E	44	9
3	36	E	96	10
4	36	E	138	10
4	36	E	195	11
1	36	E	29	12, 13
1	37	E	7	0, 1
3	37	E	122	0
4	37	E	130	0, 1
2	37	E	45	1
1	37	E	0	2, 3, 4
2	37	E	41	2
3	37	E	113	2, 3
4	37	E	197	4
2	37	E	44	5
4	37	E	138	6
1	37	E	6	7
4	37	E	152	7
3	37	E	123	14, 15
3	37	E	124	17
3	37	E	125	18
3	38	E	94	0
4	38	E	152	1
3	38	E	83	2
4	38	E	167	2
1	38	E	30	3
3	38	E	91	4
4	38	E	149	4
3	38	E	87	6
4	38	E	169	7
1	38	E	10	10
4	38	E	198	10, 12
1	38	E	1	11
1	38	E	6	13
1	39	E	7	0, 1
3	39	E	126	0
1	39	E	0	3
3	39	E	86	3
1	39	E	26	5
3	39	E	100	5, 6
1	39	E	27	7
3	39	E	127	8
1	39	E	6	10
1	40	E	7	0, 1
1	40	E	1	2
1	40	E	6	7
1	41	E	0	0, 1
1	41	E	34	9
1	41	E	26	11
1	41	E	27	13
1	41	E	31	15, 16, 17
1	42	E	17	4
1	42	E	35	5
1	42	E	7	8, 9
1	42	E	0	12, 13
1	42	E	32	18
1	43	E	7	0, 1
1	43	E	16	2
1	43	E	6	5